node1;node2;weight
ARG-120;ASP-197;0.389
ARG-120;LEU-128;0.348
ARG-161;GLN-164;0.601
ARG-161;VAL-165;0.693
ARG-167;ASP-187;0.621
ARG-167;LEU-188;0.728
ARG-176;GLU-186;0.393
ARG-176;GLU-189;0.22
ARG-182;TYR-185;0.495
ARG-200;GLU-204;0.81
ARG-64;PHE-91;1.151
ARG-79;ASN-150;0.475
ARG-79;ILE-151;0.605
ARG-82;ASP-121;0.676
ARG-82;ASP-126;0.702
ARG-82;GLN-164;0.448
ASN-131;ASN-150;1.774
ASN-131;PHE-148;0.773
ASN-141;GLN-145;0.2
ASN-174;ARG-177;1.208
ASN-193;ASP-197;0.52
ASN-193;GLN-195;0.33
ASN-193;LYS-196;0.675
ASN-78;ARG-82;0.74
ASN-78;ASP-105;0.691
ASN-78;GLY-104;0.356
ASN-78;LEU-101;0.322
ASN-78;PRO-102;0.023
ASN-78;SER-80;1.233
ASN-90;ASP-92;0.464
ASN-90;GLU-94;2.274
ASN-90;GLY-93;0.5920000000000001
ASP-121;ASP-126;0.74
ASP-121;GLY-123;0.432
ASP-121;HIS-125;1.1480000000000001
ASP-121;THR-124;0.622
ASP-187;ASP-190;0.103
ASP-190;LYS-196;0.7350000000000001
ASP-197;ARG-200;0.262
ASP-197;LEU-201;0.722
CYS-162;VAL-166;0.721
CYS-77;ALA-149;0.734
CYS-77;ARG-79;0.243
CYS-77;ILE-151;0.714
GLN-164;SER-168;0.518
GLN-195;GLU-199;0.604
GLN-203;ALA-207;0.506
GLN-73;ARG-108;0.647
GLN-73;ASN-141;1.393
GLN-73;ILE-147;0.726
GLU-160;ARG-167;0.563
GLU-160;GLN-164;0.619
GLU-173;GLU-173;0.057
GLU-186;ASP-190;0.466
GLU-189;HIS-191;0.301
GLU-199;GLN-203;0.593
GLU-70;ARG-113;1.215
GLY-114;PRO-138;0.669
GLY-127;TYR-156;0.672
HIS-191;PRO-192;0.672
ILE-206;HIS-208;0.546
ILE-75;ALA-149;0.624
ILE-75;ILE-147;0.694
LEU-129;THR-152;1.487
LEU-158;CYS-162;0.667
LEU-163;ARG-167;0.686
LEU-178;ILE-180;0.372
LEU-178;TYR-185;0.491
LEU-184;LEU-188;0.669
LEU-198;THR-202;1.018
LEU-201;ARG-205;0.509
LEU-85;ARG-120;1.4
LEU-89;LEU-116;0.749
LYS-159;ASP-187;0.387
LYS-159;LEU-163;0.665
LYS-171;ASN-174;0.593
LYS-196;ARG-200;0.653
PHE-119;ARG-120;0.74
PHE-119;LEU-128;0.348
PHE-76;ARG-107;1.194
PRO-102;ASP-105;0.374
PRO-154;TYR-156;0.125
PRO-172;TYR-175;0.71
PRO-86;TYR-98;0.489
SER-183;ASP-187;0.47
SER-183;GLU-186;0.012
SER-65;ASN-90;0.62
SER-65;LEU-89;0.488
SER-68;ARG-113;0.748
SER-72;SER-111;1.249
SER-72;SER-139;0.587
THR-100;ARG-107;0.9870000000000001
THR-157;ARG-161;0.715
THR-202;ILE-206;0.74
TRP-117;PHE-136;1.2469999999999999
TRP-88;GLN-96;1.178
TYR-112;HIS-115;0.555
TYR-175;LEU-178;0.702
TYR-185;GLU-189;0.642
VAL-130;THR-133;1.298
VAL-142;GLN-145;0.568
VAL-165;LEU-169;0.275
VAL-165;SER-168;0.802
VAL-166;LEU-169;0.316
VAL-166;VAL-170;0.505
VAL-181;LEU-184;0.508
VAL-194;LEU-198;0.673
VAL-62;ARG-64;0.116
VAL-66;GLY-114;0.547
VAL-66;HIS-115;0.216
VAL-66;SER-68;0.402
VAL-74;ILE-109;1.374
VAL-83;ALA-122;0.776
VAL-84;LEU-101;1.459
VAL-87;LEU-118;1.337
