i,A_i,conservation,-,A,C,D,E,F,G,H,I,K,L,M,N,P,Q,R,S,T,V,W,Y
1,M,0.901,0.910,0.000,0.000,0.000,0.000,0.000,0.000,0.000,0.000,0.000,0.000,0.090,0.000,0.000,0.000,0.000,0.000,0.000,0.000,0.000,0.000
2,P,0.899,0.908,0.000,0.000,0.000,0.000,0.000,0.000,0.000,0.000,0.000,0.000,0.000,0.000,0.092,0.000,0.000,0.000,0.000,0.000,0.000,0.000
3,R,0.875,0.908,0.000,0.000,0.000,0.000,0.000,0.008,0.000,0.000,0.000,0.005,0.000,0.000,0.000,0.000,0.071,0.000,0.000,0.000,0.008,0.000
4,R,0.871,0.902,0.000,0.000,0.000,0.003,0.000,0.000,0.000,0.000,0.062,0.000,0.000,0.000,0.000,0.000,0.033,0.000,0.000,0.000,0.000,0.000
5,A,0.895,0.902,0.098,0.000,0.000,0.000,0.000,0.000,0.000,0.000,0.000,0.000,0.000,0.000,0.000,0.000,0.000,0.000,0.000,0.000,0.000,0.000
6,E,0.874,0.902,0.003,0.000,0.000,0.022,0.000,0.073,0.000,0.000,0.000,0.000,0.000,0.000,0.000,0.000,0.000,0.000,0.000,0.000,0.000,0.000
7,N,0.862,0.902,0.000,0.000,0.005,0.000,0.000,0.003,0.000,0.000,0.000,0.000,0.000,0.068,0.000,0.003,0.000,0.016,0.000,0.000,0.000,0.003
8,W,0.845,0.905,0.014,0.000,0.003,0.000,0.000,0.003,0.000,0.000,0.000,0.005,0.005,0.000,0.000,0.000,0.005,0.000,0.000,0.041,0.019,0.000
9,D,0.860,0.899,0.003,0.000,0.022,0.068,0.000,0.003,0.000,0.000,0.000,0.000,0.000,0.000,0.000,0.000,0.003,0.000,0.000,0.003,0.000,0.000
10,E,0.876,0.897,0.003,0.000,0.000,0.092,0.000,0.005,0.000,0.000,0.000,0.000,0.000,0.000,0.000,0.000,0.000,0.000,0.000,0.003,0.000,0.000
11,A,0.887,0.897,0.101,0.000,0.000,0.000,0.000,0.000,0.000,0.000,0.000,0.000,0.000,0.000,0.000,0.000,0.000,0.003,0.000,0.000,0.000,0.000
12,E,0.866,0.894,0.003,0.000,0.003,0.090,0.000,0.003,0.000,0.000,0.005,0.000,0.000,0.000,0.000,0.000,0.003,0.000,0.000,0.000,0.000,0.000
13,V,0.855,0.894,0.073,0.000,0.000,0.011,0.000,0.003,0.000,0.000,0.000,0.000,0.000,0.000,0.000,0.000,0.000,0.000,0.003,0.016,0.000,0.000
14,G,0.878,0.894,0.000,0.000,0.000,0.000,0.000,0.098,0.000,0.000,0.000,0.000,0.000,0.000,0.000,0.000,0.000,0.005,0.000,0.003,0.000,0.000
15,A,0.870,0.894,0.092,0.000,0.000,0.000,0.000,0.003,0.000,0.003,0.000,0.000,0.000,0.000,0.000,0.000,0.000,0.003,0.000,0.005,0.000,0.000
16,E,0.878,0.899,0.003,0.000,0.011,0.087,0.000,0.000,0.000,0.000,0.000,0.000,0.000,0.000,0.000,0.000,0.000,0.000,0.000,0.000,0.000,0.000
17,E,0.895,0.908,0.000,0.000,0.000,0.090,0.000,0.000,0.000,0.000,0.000,0.000,0.000,0.000,0.000,0.000,0.003,0.000,0.000,0.000,0.000,0.000
18,A,0.859,0.910,0.038,0.000,0.005,0.000,0.000,0.003,0.000,0.000,0.000,0.003,0.000,0.000,0.000,0.000,0.000,0.008,0.000,0.030,0.000,0.003
19,G,0.874,0.910,0.003,0.003,0.008,0.000,0.000,0.068,0.000,0.000,0.000,0.000,0.000,0.000,0.000,0.000,0.003,0.005,0.000,0.000,0.000,0.000
20,V,0.881,0.910,0.073,0.000,0.000,0.000,0.000,0.000,0.000,0.000,0.003,0.000,0.000,0.000,0.005,0.000,0.000,0.000,0.000,0.008,0.000,0.000
21,E,0.889,0.905,0.000,0.000,0.000,0.090,0.000,0.000,0.000,0.000,0.000,0.000,0.000,0.000,0.000,0.000,0.003,0.003,0.000,0.000,0.000,0.000
22,E,0.887,0.902,0.000,0.000,0.003,0.092,0.000,0.000,0.000,0.000,0.000,0.000,0.000,0.000,0.000,0.000,0.000,0.003,0.000,0.000,0.000,0.000
23,Y,0.867,0.908,0.000,0.000,0.003,0.000,0.000,0.000,0.000,0.000,0.000,0.000,0.000,0.000,0.000,0.000,0.003,0.005,0.000,0.027,0.000,0.054
24,G,0.891,0.908,0.000,0.000,0.003,0.000,0.000,0.087,0.000,0.000,0.000,0.000,0.000,0.000,0.000,0.000,0.003,0.000,0.000,0.000,0.000,0.000
25,P,0.875,0.905,0.005,0.000,0.000,0.003,0.000,0.000,0.000,0.000,0.000,0.000,0.000,0.000,0.079,0.000,0.003,0.005,0.000,0.000,0.000,0.000
26,E,0.895,0.908,0.003,0.000,0.000,0.090,0.000,0.000,0.000,0.000,0.000,0.000,0.000,0.000,0.000,0.000,0.000,0.000,0.000,0.000,0.000,0.000
27,E,0.885,0.905,0.000,0.000,0.000,0.087,0.000,0.000,0.000,0.000,0.000,0.000,0.000,0.000,0.003,0.000,0.003,0.003,0.000,0.000,0.000,0.000
28,D,0.849,0.908,0.000,0.003,0.019,0.003,0.003,0.005,0.000,0.000,0.003,0.000,0.000,0.000,0.000,0.000,0.000,0.008,0.000,0.005,0.000,0.043
29,G,0.884,0.905,0.000,0.000,0.008,0.000,0.000,0.084,0.000,0.000,0.000,0.000,0.000,0.000,0.003,0.000,0.000,0.000,0.000,0.000,0.000,0.000
30,G,0.835,0.899,0.003,0.000,0.000,0.008,0.000,0.035,0.005,0.000,0.003,0.003,0.000,0.000,0.003,0.005,0.033,0.000,0.000,0.003,0.000,0.000
31,E,0.861,0.897,0.008,0.000,0.003,0.079,0.000,0.000,0.000,0.000,0.003,0.000,0.000,0.003,0.000,0.008,0.000,0.000,0.000,0.000,0.000,0.000
32,E,0.849,0.894,0.000,0.003,0.005,0.073,0.000,0.000,0.000,0.000,0.005,0.000,0.000,0.000,0.000,0.008,0.003,0.008,0.000,0.000,0.000,0.000
33,S,0.850,0.894,0.019,0.003,0.000,0.003,0.000,0.005,0.000,0.000,0.000,0.003,0.000,0.000,0.000,0.000,0.003,0.071,0.000,0.000,0.000,0.000
34,G,0.849,0.891,0.011,0.000,0.005,0.000,0.000,0.079,0.000,0.000,0.000,0.000,0.000,0.000,0.003,0.003,0.003,0.003,0.000,0.003,0.000,0.000
35,A,0.857,0.894,0.079,0.000,0.000,0.000,0.003,0.000,0.000,0.000,0.000,0.000,0.000,0.000,0.000,0.003,0.000,0.005,0.014,0.003,0.000,0.000
36,E,0.857,0.891,0.003,0.000,0.005,0.084,0.000,0.000,0.000,0.000,0.000,0.000,0.000,0.003,0.000,0.011,0.003,0.000,0.000,0.000,0.000,0.000
37,E,0.850,0.886,0.000,0.003,0.008,0.090,0.000,0.003,0.000,0.000,0.000,0.000,0.000,0.003,0.003,0.005,0.000,0.000,0.000,0.000,0.000,0.000
38,S,0.831,0.878,0.008,0.005,0.000,0.003,0.000,0.003,0.000,0.000,0.003,0.005,0.000,0.000,0.005,0.000,0.000,0.087,0.000,0.003,0.000,0.000
39,G,0.831,0.872,0.003,0.000,0.005,0.003,0.000,0.095,0.000,0.000,0.000,0.003,0.003,0.005,0.000,0.000,0.000,0.011,0.000,0.000,0.000,0.000
40,P,0.842,0.875,0.000,0.000,0.003,0.005,0.003,0.000,0.000,0.000,0.000,0.000,0.000,0.000,0.101,0.000,0.003,0.008,0.003,0.000,0.000,0.000
41,E,0.832,0.867,0.003,0.000,0.005,0.106,0.000,0.005,0.003,0.000,0.003,0.000,0.000,0.000,0.000,0.005,0.000,0.003,0.000,0.000,0.000,0.000
42,E,0.823,0.861,0.000,0.008,0.000,0.106,0.000,0.005,0.003,0.000,0.000,0.003,0.005,0.000,0.000,0.005,0.003,0.000,0.000,0.000,0.000,0.000
43,S,0.788,0.851,0.003,0.000,0.008,0.011,0.000,0.000,0.003,0.003,0.000,0.005,0.000,0.000,0.016,0.003,0.000,0.090,0.000,0.000,0.003,0.005
44,G,0.770,0.853,0.003,0.011,0.068,0.005,0.000,0.022,0.008,0.003,0.000,0.003,0.003,0.003,0.003,0.008,0.003,0.003,0.000,0.003,0.000,0.000
45,P,0.763,0.832,0.019,0.000,0.000,0.011,0.000,0.003,0.000,0.000,0.003,0.003,0.000,0.000,0.095,0.011,0.008,0.008,0.005,0.003,0.000,0.000
46,E,0.785,0.826,0.003,0.000,0.008,0.125,0.000,0.000,0.000,0.000,0.011,0.000,0.000,0.000,0.008,0.011,0.003,0.005,0.000,0.000,0.000,0.000
47,E,0.754,0.804,0.014,0.000,0.000,0.133,0.000,0.008,0.000,0.003,0.003,0.000,0.000,0.003,0.011,0.008,0.003,0.005,0.000,0.005,0.000,0.000
48,L,0.686,0.791,0.016,0.000,0.003,0.022,0.003,0.008,0.000,0.003,0.003,0.041,0.011,0.000,0.060,0.008,0.000,0.027,0.000,0.003,0.000,0.003
49,G,0.692,0.772,0.008,0.003,0.014,0.011,0.003,0.128,0.003,0.000,0.000,0.005,0.005,0.005,0.022,0.005,0.008,0.005,0.000,0.003,0.000,0.000
50,A,0.637,0.750,0.098,0.000,0.008,0.030,0.008,0.016,0.003,0.000,0.005,0.008,0.000,0.011,0.008,0.022,0.005,0.011,0.011,0.005,0.000,0.000
51,E,0.608,0.704,0.022,0.000,0.005,0.130,0.003,0.003,0.000,0.003,0.003,0.003,0.008,0.014,0.016,0.046,0.016,0.016,0.003,0.003,0.000,0.003
52,E,0.577,0.658,0.030,0.003,0.019,0.166,0.000,0.003,0.000,0.000,0.005,0.003,0.005,0.022,0.008,0.035,0.016,0.008,0.003,0.000,0.000,0.016
53,E,0.549,0.603,0.016,0.000,0.019,0.207,0.000,0.014,0.005,0.008,0.003,0.000,0.003,0.030,0.027,0.019,0.008,0.038,0.000,0.000,0.000,0.000
54,M,0.362,0.424,0.011,0.000,0.016,0.065,0.000,0.016,0.005,0.014,0.003,0.011,0.190,0.016,0.019,0.117,0.030,0.014,0.014,0.030,0.000,0.005
55,E,0.439,0.367,0.076,0.000,0.062,0.334,0.000,0.016,0.003,0.000,0.003,0.000,0.000,0.046,0.008,0.035,0.005,0.024,0.011,0.008,0.000,0.000
56,A,0.364,0.342,0.204,0.000,0.030,0.109,0.003,0.160,0.000,0.000,0.008,0.003,0.003,0.019,0.014,0.052,0.027,0.008,0.005,0.011,0.000,0.003
57,G,0.314,0.307,0.019,0.003,0.038,0.185,0.000,0.174,0.003,0.000,0.027,0.005,0.005,0.024,0.011,0.101,0.030,0.033,0.027,0.008,0.000,0.000
58,R,0.281,0.264,0.019,0.003,0.030,0.095,0.000,0.060,0.011,0.005,0.005,0.024,0.000,0.033,0.027,0.212,0.158,0.024,0.008,0.019,0.000,0.003
59,P,0.244,0.217,0.084,0.000,0.011,0.076,0.000,0.022,0.033,0.003,0.011,0.016,0.000,0.019,0.215,0.095,0.052,0.109,0.008,0.022,0.005,0.003
60,R,0.222,0.158,0.024,0.005,0.043,0.060,0.003,0.049,0.005,0.014,0.011,0.234,0.003,0.024,0.060,0.038,0.193,0.022,0.016,0.027,0.011,0.000
61,P,0.413,0.125,0.035,0.000,0.011,0.022,0.000,0.024,0.011,0.003,0.011,0.008,0.003,0.016,0.535,0.043,0.065,0.038,0.005,0.041,0.003,0.000
62,V,0.205,0.095,0.041,0.011,0.008,0.022,0.014,0.011,0.003,0.030,0.030,0.215,0.027,0.054,0.098,0.019,0.060,0.024,0.011,0.223,0.005,0.000
63,L,0.559,0.062,0.000,0.000,0.000,0.000,0.027,0.000,0.005,0.062,0.000,0.576,0.011,0.000,0.022,0.005,0.003,0.000,0.000,0.217,0.003,0.005
64,R,0.680,0.054,0.016,0.024,0.000,0.000,0.000,0.000,0.008,0.000,0.122,0.003,0.003,0.000,0.003,0.003,0.747,0.000,0.003,0.011,0.003,0.000
65,S,0.906,0.049,0.014,0.000,0.000,0.000,0.000,0.003,0.000,0.000,0.000,0.000,0.000,0.000,0.000,0.000,0.000,0.935,0.000,0.000,0.000,0.000
66,V,0.322,0.046,0.024,0.003,0.003,0.049,0.008,0.052,0.005,0.087,0.030,0.323,0.005,0.000,0.005,0.043,0.019,0.005,0.011,0.269,0.000,0.011
67,N,0.390,0.043,0.016,0.000,0.035,0.043,0.003,0.003,0.106,0.024,0.030,0.000,0.003,0.533,0.046,0.014,0.024,0.027,0.011,0.030,0.000,0.008
68,S,0.568,0.035,0.022,0.019,0.008,0.000,0.003,0.019,0.014,0.000,0.000,0.003,0.000,0.076,0.003,0.011,0.003,0.655,0.128,0.000,0.000,0.003
69,R,0.286,0.035,0.014,0.033,0.076,0.071,0.000,0.022,0.033,0.014,0.005,0.049,0.003,0.019,0.005,0.049,0.446,0.033,0.033,0.043,0.005,0.014
70,E,0.245,0.033,0.014,0.016,0.030,0.304,0.000,0.008,0.079,0.193,0.035,0.030,0.003,0.008,0.000,0.065,0.035,0.019,0.027,0.082,0.005,0.014
71,P,0.346,0.022,0.049,0.005,0.000,0.049,0.003,0.005,0.011,0.003,0.068,0.073,0.000,0.000,0.427,0.046,0.152,0.041,0.014,0.030,0.000,0.003
72,S,0.480,0.022,0.158,0.041,0.000,0.003,0.000,0.000,0.000,0.052,0.000,0.005,0.003,0.000,0.000,0.000,0.003,0.489,0.084,0.139,0.000,0.003
73,Q,0.289,0.019,0.000,0.008,0.005,0.049,0.266,0.000,0.068,0.003,0.024,0.019,0.000,0.073,0.030,0.196,0.022,0.035,0.003,0.003,0.000,0.177
74,V,0.685,0.016,0.087,0.000,0.000,0.000,0.000,0.000,0.000,0.079,0.000,0.076,0.003,0.000,0.000,0.000,0.000,0.000,0.008,0.731,0.000,0.000
75,I,0.328,0.014,0.003,0.005,0.005,0.005,0.016,0.000,0.008,0.226,0.054,0.095,0.019,0.011,0.000,0.014,0.272,0.024,0.035,0.193,0.000,0.000
76,F,0.912,0.016,0.003,0.000,0.000,0.000,0.954,0.000,0.000,0.005,0.000,0.005,0.003,0.000,0.000,0.000,0.000,0.000,0.000,0.005,0.000,0.008
77,C,0.308,0.014,0.005,0.378,0.000,0.005,0.027,0.000,0.011,0.155,0.024,0.024,0.005,0.060,0.000,0.033,0.052,0.000,0.049,0.120,0.008,0.030
78,N,0.976,0.014,0.000,0.000,0.000,0.000,0.000,0.000,0.000,0.000,0.000,0.000,0.000,0.986,0.000,0.000,0.000,0.000,0.000,0.000,0.000,0.000
79,R,0.383,0.014,0.008,0.027,0.000,0.003,0.011,0.005,0.057,0.008,0.111,0.060,0.005,0.027,0.000,0.027,0.489,0.016,0.111,0.000,0.005,0.014
80,S,0.706,0.014,0.005,0.014,0.000,0.000,0.000,0.000,0.000,0.000,0.000,0.000,0.000,0.003,0.000,0.000,0.000,0.489,0.470,0.005,0.000,0.000
81,P,0.300,0.016,0.014,0.030,0.033,0.054,0.005,0.076,0.019,0.000,0.024,0.027,0.008,0.049,0.443,0.043,0.035,0.087,0.033,0.003,0.000,0.000
82,R,0.673,0.014,0.005,0.008,0.005,0.008,0.003,0.008,0.062,0.003,0.008,0.003,0.000,0.003,0.000,0.011,0.793,0.008,0.014,0.008,0.000,0.035
83,V,0.211,0.011,0.030,0.035,0.038,0.027,0.011,0.003,0.014,0.038,0.033,0.033,0.000,0.057,0.068,0.022,0.038,0.079,0.101,0.345,0.003,0.016
84,V,0.771,0.011,0.090,0.000,0.000,0.000,0.000,0.000,0.000,0.082,0.000,0.008,0.003,0.000,0.000,0.000,0.000,0.000,0.000,0.807,0.000,0.000
85,L,0.291,0.011,0.014,0.003,0.228,0.079,0.000,0.011,0.005,0.014,0.052,0.228,0.000,0.038,0.000,0.035,0.193,0.030,0.041,0.019,0.000,0.000
86,P,0.528,0.011,0.046,0.000,0.000,0.000,0.000,0.000,0.000,0.103,0.000,0.136,0.005,0.000,0.465,0.000,0.000,0.000,0.003,0.231,0.000,0.000
87,V,0.376,0.011,0.005,0.000,0.000,0.003,0.052,0.000,0.000,0.182,0.008,0.185,0.008,0.011,0.000,0.000,0.003,0.003,0.000,0.280,0.101,0.149
88,W,0.978,0.008,0.000,0.003,0.000,0.000,0.000,0.000,0.000,0.000,0.000,0.000,0.000,0.000,0.000,0.000,0.000,0.000,0.000,0.000,0.989,0.000
89,L,0.538,0.008,0.000,0.000,0.000,0.000,0.011,0.000,0.000,0.372,0.000,0.372,0.054,0.000,0.000,0.000,0.043,0.000,0.000,0.136,0.000,0.003
90,N,0.730,0.008,0.000,0.005,0.427,0.000,0.000,0.005,0.000,0.000,0.003,0.000,0.000,0.549,0.000,0.000,0.000,0.000,0.003,0.000,0.000,0.000
91,F,0.714,0.014,0.000,0.003,0.003,0.016,0.535,0.000,0.000,0.000,0.000,0.000,0.000,0.000,0.000,0.000,0.000,0.000,0.000,0.000,0.003,0.427
92,D,0.262,0.011,0.019,0.005,0.188,0.196,0.008,0.003,0.030,0.005,0.030,0.008,0.000,0.060,0.000,0.130,0.155,0.114,0.019,0.003,0.000,0.016
93,G,0.865,0.011,0.014,0.000,0.005,0.000,0.000,0.918,0.000,0.000,0.005,0.000,0.000,0.011,0.000,0.000,0.000,0.035,0.000,0.000,0.000,0.000
94,E,0.279,0.005,0.038,0.003,0.022,0.326,0.011,0.008,0.022,0.022,0.125,0.038,0.003,0.030,0.000,0.141,0.120,0.019,0.011,0.057,0.000,0.000
95,P,0.401,0.005,0.087,0.003,0.000,0.046,0.027,0.024,0.014,0.000,0.038,0.068,0.003,0.003,0.530,0.030,0.079,0.008,0.003,0.008,0.005,0.019
96,Q,0.398,0.008,0.003,0.008,0.008,0.024,0.000,0.003,0.038,0.109,0.016,0.005,0.000,0.008,0.000,0.342,0.133,0.005,0.014,0.272,0.000,0.003
97,P,0.243,0.005,0.043,0.027,0.008,0.000,0.030,0.011,0.092,0.000,0.071,0.043,0.008,0.038,0.318,0.016,0.098,0.136,0.030,0.011,0.000,0.014
98,Y,0.866,0.008,0.000,0.003,0.000,0.000,0.062,0.000,0.000,0.000,0.005,0.003,0.000,0.000,0.003,0.003,0.000,0.000,0.000,0.003,0.000,0.910
99,P,0.199,0.011,0.049,0.016,0.054,0.033,0.005,0.177,0.019,0.008,0.090,0.019,0.005,0.022,0.261,0.033,0.038,0.041,0.057,0.062,0.000,0.000
100,T,0.291,0.008,0.033,0.005,0.207,0.035,0.003,0.000,0.000,0.049,0.022,0.027,0.008,0.027,0.011,0.024,0.038,0.043,0.318,0.139,0.000,0.003
101,L,0.761,0.008,0.000,0.000,0.000,0.000,0.005,0.000,0.000,0.163,0.000,0.777,0.035,0.000,0.000,0.000,0.000,0.000,0.000,0.011,0.000,0.000
102,P,0.286,0.005,0.035,0.003,0.019,0.079,0.000,0.035,0.014,0.000,0.106,0.033,0.000,0.024,0.193,0.299,0.052,0.090,0.008,0.003,0.000,0.003
103,P,0.671,0.005,0.052,0.005,0.000,0.005,0.000,0.005,0.003,0.003,0.041,0.003,0.000,0.011,0.788,0.005,0.011,0.035,0.014,0.003,0.000,0.011
104,G,0.415,0.003,0.019,0.000,0.046,0.019,0.011,0.541,0.011,0.000,0.022,0.019,0.005,0.046,0.000,0.038,0.125,0.052,0.005,0.000,0.011,0.027
105,T,0.326,0.003,0.079,0.000,0.095,0.087,0.000,0.030,0.014,0.008,0.049,0.000,0.008,0.033,0.000,0.076,0.038,0.068,0.408,0.000,0.000,0.005
106,G,0.329,0.005,0.022,0.030,0.016,0.030,0.109,0.470,0.043,0.005,0.008,0.008,0.003,0.016,0.000,0.035,0.024,0.052,0.022,0.008,0.008,0.084
107,R,0.385,0.003,0.000,0.054,0.000,0.003,0.071,0.000,0.014,0.057,0.027,0.190,0.019,0.000,0.000,0.011,0.435,0.008,0.008,0.068,0.000,0.033
108,R,0.337,0.003,0.005,0.005,0.250,0.054,0.003,0.000,0.022,0.011,0.090,0.024,0.035,0.038,0.019,0.016,0.364,0.014,0.005,0.035,0.000,0.005
109,I,0.563,0.003,0.019,0.005,0.000,0.000,0.003,0.000,0.000,0.356,0.000,0.014,0.367,0.000,0.000,0.008,0.000,0.000,0.005,0.220,0.000,0.000
110,H,0.457,0.000,0.016,0.014,0.071,0.005,0.005,0.000,0.236,0.008,0.005,0.000,0.003,0.467,0.000,0.008,0.019,0.022,0.101,0.000,0.000,0.019
111,S,0.771,0.000,0.005,0.000,0.000,0.000,0.000,0.000,0.000,0.000,0.000,0.000,0.000,0.005,0.005,0.000,0.000,0.291,0.693,0.000,0.000,0.000
112,Y,0.764,0.000,0.000,0.000,0.000,0.000,0.383,0.003,0.000,0.000,0.000,0.003,0.000,0.000,0.000,0.000,0.000,0.000,0.000,0.000,0.003,0.609
113,R,0.389,0.000,0.038,0.003,0.003,0.046,0.005,0.000,0.011,0.049,0.024,0.114,0.008,0.008,0.005,0.019,0.234,0.016,0.005,0.408,0.000,0.003
114,G,0.581,0.011,0.008,0.000,0.008,0.027,0.000,0.484,0.000,0.000,0.011,0.003,0.005,0.022,0.000,0.000,0.000,0.052,0.370,0.000,0.000,0.000
115,H,0.959,0.022,0.000,0.000,0.003,0.000,0.000,0.000,0.976,0.000,0.000,0.000,0.000,0.000,0.000,0.000,0.000,0.000,0.000,0.000,0.000,0.000
116,L,0.716,0.019,0.000,0.000,0.000,0.000,0.003,0.000,0.000,0.011,0.003,0.247,0.000,0.000,0.693,0.000,0.000,0.014,0.011,0.000,0.000,0.000
117,W,0.958,0.019,0.000,0.005,0.000,0.000,0.000,0.000,0.000,0.000,0.000,0.000,0.000,0.000,0.000,0.000,0.000,0.000,0.000,0.000,0.976,0.000
118,L,0.437,0.019,0.008,0.005,0.000,0.043,0.005,0.003,0.000,0.310,0.003,0.302,0.168,0.000,0.000,0.003,0.008,0.000,0.011,0.111,0.000,0.000
119,F,0.842,0.019,0.076,0.016,0.000,0.000,0.883,0.000,0.000,0.000,0.000,0.000,0.000,0.000,0.000,0.000,0.000,0.003,0.000,0.003,0.000,0.000
120,R,0.556,0.019,0.003,0.003,0.000,0.024,0.005,0.000,0.000,0.022,0.043,0.024,0.008,0.000,0.000,0.014,0.668,0.008,0.033,0.114,0.011,0.000
121,D,0.723,0.041,0.016,0.003,0.799,0.073,0.000,0.000,0.005,0.000,0.000,0.000,0.000,0.046,0.000,0.000,0.003,0.003,0.008,0.000,0.000,0.003
122,A,0.401,0.019,0.538,0.016,0.003,0.038,0.003,0.005,0.022,0.008,0.073,0.008,0.000,0.008,0.022,0.019,0.030,0.120,0.024,0.030,0.000,0.014
123,G,0.246,0.019,0.041,0.003,0.071,0.288,0.008,0.242,0.019,0.022,0.019,0.030,0.008,0.016,0.005,0.052,0.033,0.035,0.019,0.062,0.000,0.008
124,T,0.683,0.019,0.003,0.005,0.022,0.000,0.000,0.003,0.005,0.000,0.008,0.003,0.000,0.033,0.000,0.000,0.003,0.122,0.758,0.016,0.000,0.000
125,H,0.297,0.019,0.003,0.003,0.258,0.008,0.005,0.212,0.084,0.000,0.095,0.003,0.000,0.109,0.000,0.016,0.071,0.022,0.008,0.000,0.003,0.082
126,D,0.530,0.019,0.049,0.008,0.538,0.277,0.003,0.000,0.000,0.008,0.005,0.008,0.000,0.011,0.000,0.003,0.008,0.022,0.011,0.024,0.000,0.005
127,G,0.357,0.019,0.011,0.003,0.003,0.008,0.000,0.228,0.008,0.005,0.109,0.027,0.005,0.008,0.174,0.019,0.323,0.024,0.008,0.014,0.000,0.003
128,L,0.604,0.019,0.003,0.005,0.000,0.000,0.043,0.000,0.000,0.008,0.000,0.614,0.198,0.000,0.000,0.000,0.008,0.000,0.000,0.005,0.000,0.095
129,L,0.356,0.019,0.011,0.005,0.000,0.005,0.003,0.000,0.076,0.033,0.062,0.454,0.022,0.016,0.005,0.014,0.073,0.005,0.035,0.147,0.005,0.008
130,V,0.616,0.019,0.090,0.005,0.000,0.000,0.011,0.046,0.000,0.090,0.000,0.030,0.005,0.000,0.000,0.000,0.000,0.000,0.008,0.693,0.000,0.003
131,N,0.558,0.019,0.022,0.003,0.049,0.022,0.003,0.027,0.005,0.000,0.046,0.000,0.003,0.685,0.000,0.035,0.057,0.022,0.000,0.003,0.000,0.000
132,Q,0.245,0.019,0.003,0.054,0.003,0.005,0.035,0.117,0.068,0.000,0.062,0.033,0.005,0.128,0.016,0.293,0.041,0.098,0.014,0.000,0.003,0.003
133,T,0.324,0.019,0.016,0.011,0.011,0.057,0.000,0.016,0.011,0.016,0.340,0.003,0.005,0.019,0.000,0.166,0.087,0.038,0.177,0.003,0.000,0.005
134,E,0.496,0.019,0.011,0.003,0.103,0.625,0.022,0.003,0.005,0.005,0.030,0.022,0.000,0.005,0.071,0.005,0.014,0.033,0.008,0.000,0.000,0.016
135,L,0.538,0.019,0.000,0.000,0.000,0.000,0.014,0.000,0.003,0.130,0.000,0.383,0.054,0.000,0.000,0.000,0.000,0.000,0.014,0.375,0.000,0.008
136,F,0.757,0.019,0.000,0.000,0.000,0.000,0.668,0.000,0.003,0.000,0.000,0.003,0.000,0.000,0.000,0.000,0.000,0.000,0.000,0.000,0.000,0.307
137,V,0.312,0.022,0.000,0.011,0.000,0.027,0.201,0.000,0.016,0.030,0.005,0.198,0.041,0.000,0.000,0.016,0.057,0.005,0.005,0.285,0.019,0.060
138,P,0.795,0.022,0.120,0.000,0.000,0.000,0.000,0.000,0.000,0.000,0.000,0.005,0.003,0.000,0.834,0.003,0.000,0.005,0.003,0.003,0.000,0.003
139,S,0.236,0.022,0.103,0.003,0.019,0.141,0.003,0.000,0.003,0.014,0.171,0.008,0.005,0.022,0.087,0.043,0.030,0.198,0.106,0.022,0.000,0.000
140,L,0.373,0.022,0.098,0.000,0.003,0.033,0.003,0.019,0.022,0.005,0.003,0.171,0.003,0.011,0.448,0.011,0.054,0.054,0.022,0.019,0.000,0.000
141,N,0.241,0.022,0.095,0.005,0.038,0.057,0.000,0.019,0.008,0.005,0.014,0.041,0.005,0.307,0.092,0.011,0.027,0.049,0.016,0.016,0.168,0.003
142,V,0.205,0.101,0.027,0.000,0.054,0.152,0.019,0.038,0.011,0.043,0.008,0.016,0.008,0.043,0.014,0.068,0.022,0.005,0.019,0.274,0.000,0.076
143,D,0.195,0.095,0.027,0.003,0.217,0.057,0.019,0.144,0.014,0.011,0.016,0.005,0.005,0.141,0.008,0.011,0.087,0.033,0.052,0.016,0.000,0.038
144,G,0.328,0.149,0.022,0.000,0.022,0.120,0.005,0.416,0.011,0.049,0.022,0.008,0.000,0.054,0.016,0.024,0.027,0.024,0.016,0.014,0.000,0.000
145,Q,0.213,0.133,0.024,0.000,0.033,0.092,0.035,0.016,0.024,0.019,0.022,0.011,0.035,0.073,0.005,0.326,0.030,0.030,0.024,0.011,0.003,0.052
146,P,0.242,0.092,0.035,0.000,0.035,0.016,0.003,0.019,0.014,0.005,0.011,0.030,0.019,0.024,0.291,0.022,0.226,0.019,0.027,0.071,0.005,0.035
147,I,0.307,0.052,0.035,0.000,0.000,0.005,0.000,0.003,0.003,0.258,0.087,0.030,0.011,0.000,0.008,0.022,0.057,0.071,0.250,0.109,0.000,0.000
148,F,0.144,0.022,0.005,0.019,0.024,0.082,0.234,0.000,0.019,0.065,0.054,0.090,0.046,0.111,0.043,0.027,0.033,0.019,0.038,0.046,0.000,0.022
149,A,0.573,0.022,0.378,0.003,0.000,0.000,0.003,0.000,0.000,0.082,0.000,0.008,0.003,0.000,0.003,0.000,0.000,0.003,0.005,0.448,0.043,0.000
150,N,0.301,0.022,0.016,0.008,0.084,0.008,0.030,0.000,0.022,0.024,0.041,0.049,0.008,0.438,0.022,0.000,0.033,0.027,0.027,0.024,0.000,0.117
151,I,0.884,0.022,0.003,0.000,0.000,0.000,0.000,0.000,0.000,0.924,0.000,0.011,0.000,0.000,0.000,0.000,0.000,0.000,0.000,0.041,0.000,0.000
152,T,0.579,0.022,0.003,0.008,0.027,0.011,0.000,0.003,0.082,0.008,0.005,0.003,0.003,0.016,0.000,0.008,0.011,0.052,0.707,0.030,0.000,0.003
153,L,0.485,0.022,0.027,0.000,0.000,0.000,0.076,0.000,0.000,0.101,0.005,0.595,0.016,0.000,0.005,0.005,0.005,0.024,0.035,0.057,0.003,0.022
154,P,0.859,0.024,0.011,0.000,0.000,0.000,0.000,0.022,0.000,0.000,0.000,0.000,0.000,0.003,0.918,0.005,0.003,0.008,0.005,0.000,0.000,0.000
155,V,0.668,0.035,0.019,0.000,0.000,0.003,0.003,0.000,0.000,0.035,0.000,0.106,0.076,0.000,0.000,0.000,0.000,0.000,0.000,0.723,0.000,0.000
156,Y,0.476,0.033,0.000,0.008,0.030,0.000,0.177,0.000,0.011,0.000,0.005,0.062,0.027,0.000,0.005,0.005,0.122,0.000,0.000,0.000,0.005,0.508
157,T,0.619,0.035,0.003,0.000,0.019,0.003,0.000,0.000,0.000,0.000,0.016,0.000,0.000,0.003,0.005,0.003,0.014,0.424,0.470,0.005,0.000,0.000
158,L,0.922,0.035,0.000,0.000,0.000,0.000,0.000,0.000,0.000,0.005,0.000,0.951,0.000,0.000,0.005,0.000,0.000,0.000,0.000,0.003,0.000,0.000
159,K,0.535,0.035,0.000,0.000,0.000,0.030,0.000,0.000,0.005,0.000,0.522,0.022,0.005,0.000,0.000,0.079,0.264,0.003,0.024,0.008,0.000,0.003
160,E,0.494,0.035,0.000,0.000,0.242,0.527,0.008,0.003,0.005,0.000,0.022,0.003,0.005,0.014,0.000,0.065,0.011,0.014,0.016,0.005,0.000,0.024
161,R,0.418,0.041,0.008,0.052,0.000,0.000,0.000,0.000,0.000,0.033,0.008,0.122,0.000,0.060,0.000,0.005,0.522,0.022,0.046,0.008,0.030,0.043
162,C,0.629,0.041,0.215,0.611,0.000,0.000,0.000,0.003,0.000,0.000,0.000,0.000,0.000,0.000,0.000,0.000,0.000,0.103,0.016,0.011,0.000,0.000
163,L,0.620,0.038,0.019,0.005,0.000,0.000,0.027,0.000,0.000,0.030,0.016,0.750,0.038,0.000,0.003,0.005,0.003,0.016,0.024,0.022,0.000,0.003
164,Q,0.447,0.038,0.000,0.000,0.011,0.016,0.000,0.003,0.027,0.003,0.014,0.079,0.019,0.003,0.000,0.538,0.139,0.003,0.016,0.005,0.076,0.011
165,V,0.425,0.038,0.122,0.016,0.000,0.022,0.024,0.000,0.003,0.024,0.041,0.054,0.000,0.003,0.000,0.008,0.060,0.011,0.038,0.535,0.000,0.000
166,V,0.572,0.038,0.003,0.000,0.000,0.000,0.014,0.000,0.000,0.367,0.000,0.114,0.008,0.000,0.000,0.000,0.000,0.000,0.011,0.438,0.000,0.008
167,R,0.542,0.038,0.090,0.005,0.000,0.000,0.008,0.008,0.000,0.003,0.095,0.022,0.000,0.003,0.000,0.011,0.647,0.008,0.011,0.038,0.011,0.003
168,S,0.285,0.038,0.038,0.016,0.035,0.022,0.000,0.011,0.008,0.005,0.147,0.016,0.003,0.084,0.000,0.035,0.207,0.293,0.027,0.008,0.000,0.005
169,L,0.455,0.038,0.003,0.054,0.003,0.003,0.011,0.000,0.041,0.035,0.014,0.617,0.022,0.022,0.000,0.014,0.035,0.027,0.022,0.008,0.000,0.033
170,V,0.618,0.038,0.008,0.000,0.000,0.000,0.014,0.000,0.000,0.052,0.005,0.245,0.008,0.000,0.000,0.000,0.000,0.000,0.011,0.614,0.000,0.005
171,K,0.291,0.038,0.030,0.008,0.008,0.030,0.005,0.003,0.019,0.005,0.307,0.016,0.000,0.030,0.065,0.035,0.253,0.092,0.041,0.005,0.000,0.008
172,P,0.358,0.038,0.030,0.005,0.106,0.060,0.000,0.008,0.005,0.016,0.111,0.008,0.005,0.003,0.470,0.011,0.052,0.038,0.014,0.011,0.000,0.008
173,E,0.343,0.043,0.016,0.003,0.084,0.495,0.000,0.016,0.016,0.005,0.024,0.008,0.019,0.043,0.000,0.054,0.030,0.052,0.014,0.060,0.005,0.011
174,N,0.408,0.041,0.065,0.005,0.484,0.038,0.000,0.003,0.052,0.003,0.014,0.003,0.003,0.174,0.005,0.068,0.014,0.014,0.008,0.005,0.000,0.003
175,Y,0.409,0.041,0.125,0.000,0.003,0.000,0.071,0.000,0.000,0.152,0.000,0.079,0.003,0.000,0.011,0.000,0.000,0.005,0.005,0.101,0.000,0.405
176,R,0.250,0.043,0.016,0.033,0.068,0.041,0.103,0.016,0.022,0.016,0.019,0.030,0.011,0.030,0.024,0.016,0.418,0.043,0.016,0.005,0.008,0.019
177,R,0.268,0.043,0.027,0.000,0.035,0.071,0.000,0.014,0.008,0.000,0.228,0.052,0.014,0.024,0.003,0.076,0.285,0.054,0.049,0.011,0.000,0.005
178,L,0.855,0.043,0.000,0.000,0.000,0.003,0.008,0.000,0.000,0.005,0.000,0.910,0.008,0.000,0.000,0.000,0.000,0.000,0.014,0.008,0.000,0.000
179,D,0.523,0.043,0.005,0.003,0.378,0.429,0.000,0.035,0.008,0.005,0.000,0.005,0.003,0.016,0.049,0.005,0.000,0.008,0.000,0.005,0.000,0.000
180,I,0.773,0.043,0.000,0.000,0.000,0.000,0.000,0.000,0.000,0.758,0.000,0.193,0.000,0.000,0.000,0.000,0.000,0.000,0.000,0.005,0.000,0.000
181,V,0.577,0.043,0.190,0.003,0.000,0.000,0.000,0.005,0.000,0.014,0.000,0.000,0.000,0.000,0.497,0.000,0.000,0.003,0.005,0.239,0.000,0.000
182,R,0.408,0.046,0.038,0.000,0.005,0.043,0.003,0.019,0.024,0.003,0.090,0.011,0.003,0.022,0.008,0.079,0.549,0.019,0.016,0.011,0.011,0.000
183,S,0.368,0.046,0.011,0.139,0.008,0.035,0.008,0.011,0.000,0.027,0.011,0.008,0.011,0.008,0.011,0.011,0.005,0.454,0.130,0.062,0.000,0.003
184,L,0.815,0.052,0.000,0.000,0.000,0.000,0.000,0.000,0.000,0.038,0.000,0.870,0.005,0.000,0.000,0.008,0.000,0.000,0.000,0.027,0.000,0.000
185,Y,0.271,0.060,0.022,0.008,0.000,0.011,0.011,0.003,0.128,0.060,0.103,0.027,0.008,0.000,0.000,0.209,0.038,0.014,0.008,0.033,0.000,0.258
186,E,0.306,0.060,0.019,0.008,0.109,0.429,0.011,0.003,0.019,0.003,0.076,0.024,0.003,0.041,0.000,0.076,0.038,0.014,0.014,0.008,0.005,0.041
187,D,0.601,0.068,0.014,0.000,0.410,0.457,0.000,0.005,0.000,0.003,0.011,0.003,0.003,0.000,0.003,0.019,0.003,0.000,0.000,0.003,0.000,0.000
188,L,0.759,0.068,0.000,0.000,0.000,0.000,0.005,0.000,0.000,0.060,0.000,0.821,0.014,0.000,0.000,0.000,0.000,0.000,0.000,0.016,0.000,0.016
189,E,0.300,0.079,0.139,0.003,0.005,0.402,0.024,0.005,0.005,0.024,0.068,0.060,0.008,0.008,0.000,0.035,0.052,0.035,0.003,0.014,0.003,0.027
190,D,0.255,0.092,0.019,0.005,0.370,0.057,0.003,0.005,0.030,0.019,0.065,0.008,0.011,0.087,0.000,0.073,0.041,0.038,0.041,0.030,0.000,0.005
191,H,0.181,0.133,0.027,0.014,0.005,0.011,0.005,0.011,0.217,0.014,0.065,0.073,0.111,0.003,0.016,0.076,0.114,0.016,0.035,0.022,0.003,0.027
192,P,0.462,0.223,0.005,0.000,0.000,0.000,0.011,0.000,0.005,0.049,0.022,0.060,0.008,0.005,0.505,0.003,0.038,0.003,0.000,0.033,0.005,0.024
193,N,0.376,0.302,0.003,0.005,0.160,0.016,0.000,0.003,0.003,0.000,0.035,0.003,0.000,0.198,0.022,0.014,0.011,0.188,0.033,0.005,0.000,0.000
194,V,0.418,0.367,0.022,0.003,0.000,0.000,0.011,0.000,0.011,0.158,0.000,0.095,0.005,0.011,0.000,0.014,0.016,0.011,0.019,0.255,0.000,0.003
195,Q,0.302,0.359,0.003,0.000,0.005,0.027,0.000,0.005,0.033,0.016,0.035,0.160,0.005,0.024,0.005,0.095,0.136,0.022,0.016,0.008,0.030,0.014
196,K,0.510,0.378,0.030,0.003,0.008,0.041,0.000,0.000,0.008,0.000,0.413,0.005,0.003,0.022,0.000,0.003,0.062,0.016,0.005,0.003,0.000,0.000
197,D,0.597,0.402,0.005,0.000,0.467,0.052,0.003,0.000,0.005,0.000,0.024,0.000,0.000,0.003,0.000,0.008,0.016,0.008,0.005,0.000,0.000,0.000
198,L,0.583,0.424,0.000,0.000,0.000,0.005,0.003,0.000,0.016,0.057,0.000,0.438,0.011,0.011,0.000,0.003,0.000,0.005,0.008,0.005,0.000,0.014
199,E,0.405,0.440,0.019,0.005,0.000,0.106,0.000,0.005,0.043,0.008,0.027,0.008,0.005,0.000,0.003,0.155,0.139,0.016,0.000,0.011,0.005,0.003
200,R,0.549,0.446,0.008,0.003,0.005,0.011,0.000,0.003,0.011,0.014,0.022,0.016,0.003,0.011,0.000,0.011,0.410,0.011,0.011,0.005,0.000,0.000
201,L,0.567,0.467,0.000,0.003,0.000,0.000,0.000,0.000,0.000,0.128,0.000,0.310,0.062,0.000,0.003,0.003,0.005,0.000,0.000,0.014,0.000,0.005
202,T,0.485,0.476,0.043,0.000,0.005,0.005,0.000,0.014,0.000,0.003,0.003,0.000,0.000,0.141,0.005,0.016,0.003,0.185,0.101,0.000,0.000,0.000
203,Q,0.495,0.495,0.019,0.008,0.000,0.000,0.003,0.003,0.014,0.008,0.011,0.103,0.014,0.000,0.000,0.258,0.038,0.014,0.003,0.008,0.003,0.000
204,E,0.554,0.522,0.008,0.003,0.000,0.223,0.000,0.005,0.003,0.000,0.016,0.011,0.000,0.003,0.000,0.027,0.168,0.008,0.003,0.000,0.000,0.000
205,R,0.510,0.527,0.005,0.000,0.000,0.003,0.011,0.003,0.111,0.003,0.014,0.019,0.000,0.000,0.000,0.000,0.109,0.005,0.005,0.174,0.000,0.011
206,I,0.499,0.554,0.027,0.000,0.000,0.168,0.014,0.000,0.003,0.090,0.000,0.011,0.011,0.022,0.000,0.003,0.014,0.071,0.000,0.003,0.011,0.000
207,A,0.589,0.579,0.019,0.000,0.008,0.196,0.000,0.000,0.003,0.000,0.008,0.000,0.000,0.005,0.000,0.152,0.019,0.003,0.008,0.000,0.000,0.000
208,H,0.498,0.603,0.022,0.000,0.000,0.019,0.000,0.000,0.090,0.000,0.024,0.005,0.019,0.092,0.003,0.024,0.060,0.019,0.016,0.000,0.000,0.003
209,Q,0.789,0.826,0.003,0.000,0.000,0.005,0.000,0.000,0.000,0.000,0.000,0.033,0.000,0.000,0.000,0.117,0.011,0.000,0.005,0.000,0.000,0.000
210,R,0.845,0.894,0.003,0.000,0.000,0.003,0.000,0.000,0.003,0.000,0.000,0.000,0.000,0.003,0.000,0.019,0.065,0.000,0.003,0.000,0.008,0.000
211,M,0.885,0.918,0.000,0.000,0.000,0.000,0.000,0.000,0.000,0.000,0.000,0.019,0.057,0.000,0.000,0.000,0.000,0.000,0.003,0.003,0.000,0.000
212,G,0.915,0.946,0.011,0.000,0.000,0.038,0.000,0.003,0.000,0.000,0.003,0.000,0.000,0.000,0.000,0.000,0.000,0.000,0.000,0.000,0.000,0.000
213,D,0.994,0.997,0.000,0.000,0.003,0.000,0.000,0.000,0.000,0.000,0.000,0.000,0.000,0.000,0.000,0.000,0.000,0.000,0.000,0.000,0.000,0.000
