node1;node2;weight;case;original_weight
ARG-120;ASP-197;0.389;3;0.389
ARG-120;LEU-128;0.348;3;0.348
ARG-161;GLN-164;0.601;3;0.601
ARG-161;VAL-165;0.693;3;0.693
ARG-167;ASP-187;0.621;3;0.621
ARG-167;LEU-188;0.728;3;0.728
ARG-176;GLU-186;0.39299999999999996;3;0.39299999999999996
ARG-176;GLU-189;0.22;3;0.22
ARG-182;TYR-185;0.495;3;0.495
ARG-200;GLU-204;0.81;3;0.81
ARG-64;PHE-91;1.151;3;1.151
ARG-79;ASN-150;0.475;3;0.475
ARG-79;ILE-151;0.605;3;0.605
ARG-82;ASP-121;0.6759999999999999;3;0.6759999999999999
ARG-82;ASP-126;0.7020000000000001;3;0.7020000000000001
ARG-82;GLN-164;0.44799999999999995;3;0.44799999999999995
ASN-131;ASN-150;1.774;3;1.774
ASN-131;PHE-148;0.773;3;0.773
ASN-141;GLN-145;0.2;3;0.2
ASN-174;ARG-177;1.208;5;0.568
ASN-193;ASP-197;0.52;3;0.52
ASN-193;GLN-195;0.33;3;0.33
ASN-193;LYS-196;0.675;3;0.675
ASN-78;ARG-82;0.74;3;0.74
ASN-78;GLY-104;0.35600000000000004;3;0.35600000000000004
ASN-78;LEU-101;0.322;3;0.322
ASN-78;PRO-102;0.023;3;0.023
ASN-78;SER-80;1.2329999999999999;3;1.2329999999999999
ASN-78;THR-105;0.669;3;0.669
ASN-90;ASP-92;0.46399999999999997;3;0.46399999999999997
ASN-90;GLU-94;2.274;3;2.274
ASN-90;GLY-93;0.5920000000000001;3;0.5920000000000001
ASP-121;ASP-126;0.74;3;0.74
ASP-121;GLY-123;0.43200000000000005;3;0.43200000000000005
ASP-121;HIS-125;1.148;3;1.148
ASP-121;THR-124;0.622;3;0.622
ASP-187;ASP-190;0.10300000000000001;3;0.10300000000000001
ASP-190;LYS-196;0.7350000000000001;3;0.7350000000000001
ASP-197;ARG-200;0.262;3;0.262
ASP-197;LEU-201;0.722;3;0.722
CYS-162;VAL-166;0.721;3;0.721
CYS-77;ALA-149;0.7340000000000001;3;0.7340000000000001
CYS-77;ARG-79;0.243;3;0.243
CYS-77;ILE-151;0.7140000000000001;3;0.7140000000000001
GLN-164;SER-168;0.518;3;0.518
GLN-195;GLU-199;0.604;3;0.604
GLN-203;ALA-207;0.506;3;0.506
GLN-73;ARG-108;0.647;3;0.647
GLN-73;ASN-141;1.393;3;1.393
GLN-73;ILE-147;0.726;3;0.726
GLU-160;ARG-167;0.563;3;0.563
GLU-160;GLN-164;0.619;3;0.619
GLU-173;GLU-173;0.057;3;0.057
GLU-186;ASP-190;0.466;3;0.466
GLU-189;HIS-191;0.301;3;0.301
GLU-199;GLN-203;0.593;3;0.593
GLU-70;ARG-113;1.215;3;1.215
GLY-114;PRO-138;0.669;3;0.669
GLY-127;TYR-156;0.672;3;0.672
HIS-191;ASP-192;0.65;1;
ILE-206;HIS-208;0.546;3;0.546
ILE-75;ALA-149;0.624;3;0.624
ILE-75;ILE-147;0.6940000000000001;3;0.6940000000000001
LEU-129;THR-152;1.4869999999999999;3;1.4869999999999999
LEU-158;CYS-162;0.667;3;0.667
LEU-163;ARG-167;0.6859999999999999;3;0.6859999999999999
LEU-178;ILE-180;0.37200000000000005;3;0.37200000000000005
LEU-178;TYR-185;0.491;3;0.491
LEU-184;LEU-188;0.669;3;0.669
LEU-198;THR-202;1.018;3;1.018
LEU-201;ARG-205;0.509;3;0.509
LEU-85;ARG-120;1.4;3;1.4
LEU-89;LEU-116;0.7490000000000001;3;0.7490000000000001
LYS-159;ASP-187;0.387;5;0.21100000000000002
LYS-159;LEU-163;0.665;3;0.665
LYS-171;ASN-174;0.593;3;0.593
LYS-196;ARG-200;0.653;3;0.653
PHE-119;ARG-120;0.74;3;0.74
PHE-119;LEU-128;0.348;3;0.348
PHE-76;ARG-107;1.194;3;1.194
PRO-102;THR-105;1.098;3;1.098
PRO-154;TYR-156;0.125;3;0.125
PRO-172;TYR-175;0.71;3;0.71
PRO-86;TYR-98;0.489;3;0.489
SER-183;ASP-187;0.47;3;0.47
SER-183;GLU-186;0.012;3;0.012
SER-65;ASN-90;0.62;3;0.62
SER-65;LEU-89;0.488;3;0.488
SER-68;ARG-113;0.748;3;0.748
SER-72;SER-111;1.249;3;1.249
SER-72;SER-139;0.5870000000000001;3;0.5870000000000001
THR-100;ARG-107;0.987;3;0.987
THR-157;ARG-161;0.715;3;0.715
THR-202;ILE-206;0.74;3;0.74
TRP-117;PHE-136;1.247;3;1.247
TRP-88;GLN-96;1.178;3;1.178
TYR-112;HIS-115;0.555;3;0.555
TYR-175;LEU-178;0.7020000000000001;3;0.7020000000000001
TYR-185;GLU-189;0.642;3;0.642
VAL-130;THR-133;1.298;3;1.298
VAL-142;GLN-145;0.568;3;0.568
VAL-165;LEU-169;0.275;3;0.275
VAL-165;SER-168;0.802;3;0.802
VAL-166;LEU-169;0.316;3;0.316
VAL-166;VAL-170;0.505;3;0.505
VAL-181;LEU-184;0.508;3;0.508
VAL-194;LEU-198;0.6729999999999999;3;0.6729999999999999
VAL-62;ARG-64;0.11599999999999999;3;0.11599999999999999
VAL-66;GLY-114;0.547;3;0.547
VAL-66;HIS-115;0.21600000000000003;1;
VAL-66;SER-68;0.402;3;0.402
VAL-74;ILE-109;1.374;3;1.374
VAL-83;ALA-122;0.7759999999999999;3;0.7759999999999999
VAL-84;LEU-101;1.459;3;1.459
VAL-87;LEU-118;1.337;3;1.337
HIS-191;PRO-192;0.672;2;0.672
